IV , - 11111111.

1111 1111111111111111, 11111111 11111 111 &chub 1111 1111111
11111111 δ11 1111111 1111111 11111111 11111111, 111 1111111111
111111111111111111111 1111111111111111111 111 111111, 111111
1111 11111 11111111 (11111111 111 111 1111111111 δεῖ 1111111 11
1111111 1111111111 11111111

11111 111 111 111111111 11111 11111 111 11111, 3. 11111111
1881 1111 δ11 1111111111111111 1111111 11111111 1. 11111111 111
111. 11111111111111 11111111 1111 111111111 1111111111 11
1111111. 11111111 111111 1111111111111111 1. 11111111 1111866
11 111111 1111111, 11ῖ 1111 111111 11111111111111111111111
11111111. 1111111111 111 1εῖ111111111111ε 111. 11111111111 1111
1111111111 111111 1851 (18971 311. 1111, 11111111 11111111
vol. IV, 11111. 1., 11111111111864111, 11 11111 1111111111111,
11111111 1111111111 (1111111, 1. 1111111. 11.

111 111111 (1111111111 δεῖ 1111111111111111111111111 1111
11111111 1111111111111, (1111111111, 1111111111, 11111 111
1111111111 1111 1111 1. 11111 11111ῖ ῧ111111111 1111111111. §Die
111111111111 11111 1111 1111 11111111111111 111111111111111
11111111 1111111111 11111111 111111111111111111 1113111111
111311111111111111, 111111 111 δ11 (1111111111 11111111
11111 1111111111 11111111111111111 1111111.

11111111 11111111 mir, 1111111 111 δεῖ 11111111 11111111
1111111111111111111111111111111 1111111 111 11111111 1111ῖ11111111111111
1111111111 1111111 1111111111 11 1111111111 1111111111 11111
1111111111111111111111111

11111 111 11111111111111111111111 1111 111111 11111111111
11111 111111111 1111111111. 1111 11111111 1111 1111 111111 111111
11111111 11111 111111 111 (1111111111 111 1111111111 111
111111111111 1111111111111111. 111111 1111 111 1111111111
111 31111 111111111111111 1111111111 111 111 gasse 1111111111
1111111111111 111 (1111111111, 1111111111 11131111 11ῖ 1111111111
111111111111 111 ’11111 111 &ammianum 1111111111 1111111.

(11111111, 111 13111111 1899.

111 1111111111.

1111111111. 1111111 111111111111111 ***,11111111111 1111. 1111111111)
111111 1111111 1111111 1111111111 11111111. 111 1111111111 1111111111
1111 111111 111111111111.

 

